A,C,D,E,F,G,H,I,K,L,M,N,P,Q,R,S,T,V,W,Y
9.28,7.22,8.25,0.00,7.22,8.25,1.03,5.15,2.06,3.09,0.00,13.40,8.25,1.03,9.28,2.06,9.28,3.09,0.00,2.06
15.93,3.54,7.08,1.77,4.42,13.27,0.00,0.88,0.88,5.31,0.00,3.54,3.54,2.65,2.65,9.73,11.50,10.62,1.77,0.88
40.00,20.00,0.00,0.00,0.00,20.00,0.00,0.00,0.00,0.00,0.00,0.00,0.00,0.00,0.00,20.00,0.00,0.00,0.00,0.00
13.33,20.00,0.00,3.33,3.33,10.00,0.00,10.00,0.00,3.33,0.00,0.00,3.33,3.33,13.33,0.00,3.33,0.00,3.33,10.00
13.04,0.00,0.00,0.00,0.00,13.04,0.00,17.39,8.70,17.39,0.00,4.35,4.35,0.00,4.35,8.70,4.35,0.00,4.35,0.00
3.45,20.69,0.00,3.45,0.00,6.90,0.00,13.79,3.45,0.00,0.00,3.45,6.90,0.00,3.45,13.79,3.45,10.34,3.45,3.45
7.69,7.69,7.69,0.00,0.00,7.69,0.00,0.00,7.69,15.38,0.00,0.00,0.00,0.00,15.38,0.00,7.69,7.69,15.38,0.00
20.69,0.00,0.00,3.45,0.00,17.24,0.00,3.45,13.79,17.24,3.45,3.45,0.00,3.45,0.00,0.00,3.45,6.90,3.45,0.00
20.00,0.00,0.00,0.00,0.00,20.00,0.00,0.00,0.00,0.00,20.00,0.00,0.00,0.00,0.00,0.00,20.00,20.00,0.00,0.00
11.11,0.00,22.22,0.00,11.11,11.11,0.00,0.00,11.11,11.11,0.00,0.00,0.00,0.00,0.00,0.00,0.00,11.11,11.11,0.00
29.41,17.65,0.00,0.00,0.00,29.41,0.00,0.00,0.00,0.00,0.00,0.00,0.00,0.00,0.00,0.00,23.53,0.00,0.00,0.00
35.00,15.00,0.00,0.00,0.00,45.00,0.00,0.00,0.00,0.00,0.00,0.00,0.00,0.00,0.00,0.00,5.00,0.00,0.00,0.00
10.00,25.00,0.00,0.00,0.00,30.00,0.00,0.00,0.00,0.00,0.00,0.00,0.00,0.00,0.00,0.00,35.00,0.00,0.00,0.00
15.38,7.69,0.00,0.00,0.00,0.00,7.69,7.69,0.00,0.00,7.69,0.00,23.08,0.00,0.00,7.69,0.00,7.69,15.38,0.00
0.00,7.69,7.69,0.00,0.00,7.69,7.69,7.69,15.38,7.69,0.00,0.00,0.00,0.00,7.69,7.69,0.00,7.69,15.38,0.00
20.00,25.00,0.00,0.00,0.00,30.00,0.00,0.00,0.00,0.00,0.00,0.00,0.00,0.00,0.00,0.00,25.00,0.00,0.00,0.00
10.34,20.69,0.00,3.45,3.45,10.34,0.00,10.34,0.00,3.45,0.00,0.00,3.45,3.45,13.79,0.00,3.45,0.00,3.45,10.34
7.69,15.38,0.00,7.69,0.00,0.00,0.00,0.00,7.69,7.69,0.00,0.00,0.00,15.38,7.69,0.00,15.38,0.00,0.00,15.38
10.00,20.00,3.33,3.33,3.33,10.00,0.00,10.00,0.00,3.33,0.00,0.00,3.33,3.33,13.33,0.00,3.33,0.00,3.33,10.00
5.56,16.67,2.78,0.00,2.78,11.11,2.78,5.56,11.11,2.78,0.00,2.78,2.78,5.56,2.78,8.33,5.56,2.78,0.00,8.33
7.14,0.00,7.14,7.14,7.14,0.00,7.14,7.14,0.00,14.29,0.00,0.00,0.00,7.14,0.00,7.14,14.29,0.00,7.14,7.14
0.00,22.22,0.00,5.56,0.00,5.56,0.00,0.00,5.56,5.56,0.00,0.00,0.00,5.56,27.78,0.00,5.56,5.56,0.00,11.11
15.38,0.00,0.00,15.38,7.69,0.00,0.00,0.00,0.00,15.38,7.69,0.00,15.38,0.00,7.69,0.00,0.00,7.69,7.69,0.00
7.14,0.00,7.14,0.00,7.14,14.29,0.00,14.29,14.29,7.14,0.00,0.00,0.00,0.00,0.00,0.00,7.14,21.43,0.00,0.00
12.00,0.00,0.00,0.00,8.00,16.00,16.00,16.00,8.00,8.00,0.00,0.00,0.00,0.00,12.00,0.00,0.00,0.00,4.00,0.00
0.00,0.00,0.00,0.00,13.64,13.64,18.18,13.64,4.55,4.55,0.00,0.00,0.00,0.00,9.09,0.00,9.09,13.64,0.00,0.00
5.88,0.00,0.00,0.00,11.76,11.76,0.00,11.76,5.88,23.53,0.00,0.00,5.88,0.00,0.00,17.65,0.00,5.88,0.00,0.00
4.00,0.00,0.00,0.00,12.00,12.00,16.00,16.00,8.00,8.00,4.00,0.00,0.00,0.00,12.00,0.00,4.00,4.00,0.00,0.00
8.00,8.00,0.00,0.00,8.00,4.00,0.00,4.00,12.00,4.00,4.00,0.00,4.00,4.00,20.00,4.00,4.00,4.00,8.00,0.00
0.00,0.00,7.69,0.00,15.38,0.00,0.00,15.38,15.38,7.69,0.00,0.00,0.00,7.69,23.08,0.00,0.00,7.69,0.00,0.00
0.00,0.00,7.69,0.00,15.38,0.00,0.00,15.38,15.38,7.69,0.00,0.00,0.00,7.69,15.38,0.00,0.00,7.69,0.00,0.00
12.50,8.33,0.00,0.00,12.50,4.17,0.00,4.17,16.67,12.50,0.00,0.00,4.17,0.00,0.00,8.33,4.17,12.50,0.00,0.00
0.00,11.76,0.00,0.00,5.88,11.76,0.00,17.65,5.88,17.65,5.88,0.00,0.00,5.88,5.88,0.00,11.76,0.00,0.00,0.00
20.83,8.33,0.00,0.00,12.50,4.17,0.00,12.50,16.67,8.33,0.00,0.00,8.33,0.00,0.00,4.17,0.00,4.17,0.00,0.00
20.83,8.33,0.00,4.17,8.33,4.17,0.00,16.67,16.67,4.17,0.00,0.00,4.17,0.00,0.00,4.17,0.00,8.33,0.00,0.00
20.83,8.33,0.00,0.00,8.33,4.17,0.00,16.67,16.67,4.17,0.00,0.00,4.17,4.17,0.00,4.17,0.00,8.33,0.00,0.00
12.50,8.33,0.00,0.00,12.50,4.17,0.00,20.83,16.67,8.33,0.00,0.00,8.33,0.00,0.00,4.17,4.17,0.00,0.00,0.00
16.67,8.33,0.00,0.00,8.33,4.17,0.00,16.67,16.67,8.33,0.00,0.00,8.33,0.00,0.00,4.17,0.00,8.33,0.00,0.00
12.50,8.33,0.00,0.00,12.50,4.17,0.00,4.17,16.67,20.83,0.00,0.00,8.33,0.00,0.00,4.17,4.17,4.17,0.00,0.00
0.00,0.00,0.00,0.00,7.69,15.38,0.00,15.38,0.00,30.77,0.00,0.00,7.69,0.00,7.69,7.69,0.00,7.69,0.00,0.00
12.50,8.33,0.00,0.00,8.33,4.17,0.00,12.50,8.33,20.83,0.00,4.17,8.33,0.00,0.00,4.17,4.17,0.00,0.00,4.17
16.67,8.33,0.00,0.00,12.50,4.17,0.00,8.33,12.50,12.50,0.00,4.17,8.33,0.00,0.00,4.17,0.00,8.33,0.00,0.00
5.88,0.00,5.88,0.00,11.76,5.88,0.00,23.53,17.65,5.88,0.00,11.76,0.00,0.00,0.00,5.88,0.00,5.88,0.00,0.00
0.00,0.00,0.00,0.00,23.08,7.69,0.00,7.69,7.69,15.38,0.00,0.00,0.00,7.69,7.69,7.69,0.00,7.69,7.69,0.00
6.90,20.69,0.00,3.45,6.90,13.79,0.00,3.45,0.00,0.00,0.00,6.90,6.90,0.00,3.45,6.90,17.24,0.00,3.45,0.00
6.90,20.69,3.45,3.45,6.90,13.79,0.00,3.45,0.00,0.00,0.00,6.90,6.90,0.00,3.45,3.45,17.24,0.00,3.45,0.00
0.00,20.00,3.33,10.00,3.33,13.33,0.00,3.33,10.00,3.33,0.00,3.33,6.67,3.33,0.00,6.67,3.33,3.33,3.33,3.33
11.90,0.00,3.57,1.19,1.19,22.62,1.19,3.57,0.00,10.71,1.19,8.33,5.95,3.57,0.00,11.90,4.76,4.76,2.38,1.19
0.00,20.69,0.00,6.90,3.45,10.34,0.00,3.45,3.45,3.45,0.00,6.90,6.90,3.45,3.45,6.90,3.45,6.90,0.00,10.34
9.09,0.00,0.00,3.03,9.09,12.12,0.00,9.09,6.06,15.15,0.00,0.00,6.06,3.03,0.00,21.21,3.03,3.03,0.00,0.00
7.69,0.00,0.00,0.00,7.69,15.38,0.00,0.00,23.08,30.77,7.69,0.00,0.00,0.00,0.00,0.00,0.00,7.69,0.00,0.00
15.79,0.00,5.26,0.00,10.53,10.53,0.00,0.00,21.05,21.05,0.00,0.00,0.00,0.00,0.00,0.00,5.26,10.53,0.00,0.00
11.11,0.00,5.56,0.00,11.11,11.11,0.00,5.56,11.11,5.56,0.00,5.56,0.00,0.00,0.00,0.00,11.11,22.22,0.00,0.00
3.70,0.00,0.00,0.00,0.00,14.81,0.00,22.22,11.11,11.11,0.00,0.00,7.41,0.00,14.81,3.70,0.00,3.70,3.70,3.70
3.57,0.00,0.00,0.00,0.00,17.86,0.00,21.43,10.71,10.71,0.00,0.00,7.14,0.00,14.29,3.57,0.00,3.57,3.57,3.57
3.57,21.43,0.00,3.57,10.71,14.29,0.00,7.14,7.14,3.57,0.00,3.57,3.57,0.00,0.00,10.71,0.00,7.14,0.00,3.57
7.69,0.00,0.00,0.00,0.00,11.54,0.00,11.54,11.54,15.38,0.00,0.00,3.85,7.69,7.69,3.85,7.69,7.69,3.85,0.00
2.78,11.11,2.78,0.00,2.78,16.67,2.78,8.33,8.33,5.56,0.00,0.00,11.11,2.78,5.56,2.78,8.33,5.56,0.00,2.78
14.81,0.00,0.00,3.70,0.00,18.52,3.70,7.41,14.81,18.52,0.00,0.00,0.00,0.00,0.00,7.41,7.41,0.00,0.00,3.70
22.22,0.00,0.00,3.70,0.00,18.52,0.00,3.70,14.81,18.52,0.00,3.70,0.00,0.00,0.00,3.70,0.00,7.41,0.00,3.70
8.70,0.00,0.00,4.35,13.04,17.39,4.35,8.70,17.39,4.35,4.35,4.35,0.00,0.00,0.00,8.70,0.00,4.35,0.00,0.00
14.29,0.00,0.00,0.00,14.29,9.52,0.00,4.76,33.33,4.76,4.76,9.52,0.00,0.00,0.00,0.00,0.00,4.76,0.00,0.00
14.81,0.00,0.00,3.70,0.00,18.52,0.00,7.41,14.81,14.81,0.00,3.70,0.00,0.00,0.00,3.70,11.11,3.70,0.00,3.70
0.00,36.36,0.00,0.00,9.09,18.18,0.00,9.09,4.55,0.00,0.00,0.00,4.55,0.00,9.09,0.00,4.55,4.55,0.00,0.00
6.67,20.00,0.00,3.33,0.00,10.00,0.00,10.00,3.33,3.33,0.00,6.67,6.67,0.00,0.00,6.67,6.67,10.00,3.33,3.33
6.25,18.75,0.00,3.12,0.00,6.25,0.00,9.38,3.12,3.12,3.12,12.50,9.38,0.00,0.00,6.25,6.25,6.25,3.12,3.12
0.00,20.00,0.00,3.33,3.33,10.00,0.00,13.33,3.33,0.00,0.00,3.33,6.67,0.00,3.33,20.00,0.00,10.00,0.00,3.33
6.67,20.00,0.00,3.33,3.33,10.00,0.00,13.33,6.67,0.00,0.00,3.33,6.67,0.00,3.33,10.00,3.33,6.67,0.00,3.33
3.33,20.00,0.00,3.33,3.33,13.33,0.00,13.33,6.67,0.00,0.00,3.33,6.67,0.00,3.33,10.00,3.33,6.67,0.00,3.33
3.33,20.00,3.33,3.33,3.33,6.67,0.00,10.00,6.67,3.33,0.00,3.33,6.67,0.00,3.33,13.33,3.33,6.67,0.00,3.33
3.33,20.00,0.00,3.33,0.00,10.00,0.00,13.33,6.67,0.00,0.00,3.33,6.67,0.00,3.33,16.67,0.00,6.67,3.33,3.33
0.00,0.00,0.00,0.00,0.00,8.33,8.33,8.33,25.00,25.00,8.33,0.00,0.00,0.00,0.00,8.33,0.00,0.00,8.33,0.00
6.25,0.00,6.25,0.00,6.25,18.75,0.00,18.75,12.50,12.50,0.00,0.00,0.00,0.00,0.00,6.25,0.00,12.50,0.00,0.00
7.69,0.00,7.69,7.69,15.38,7.69,0.00,23.08,15.38,7.69,0.00,0.00,0.00,0.00,0.00,7.69,0.00,0.00,0.00,0.00
7.69,0.00,7.69,7.69,7.69,7.69,0.00,30.77,15.38,7.69,0.00,0.00,0.00,0.00,0.00,7.69,0.00,0.00,0.00,0.00
6.25,0.00,6.25,0.00,6.25,18.75,0.00,18.75,12.50,12.50,0.00,0.00,0.00,0.00,0.00,6.25,0.00,12.50,0.00,0.00
6.25,0.00,6.25,0.00,6.25,18.75,0.00,12.50,12.50,12.50,0.00,0.00,0.00,0.00,0.00,6.25,0.00,18.75,0.00,0.00
11.76,0.00,5.88,0.00,5.88,17.65,5.88,23.53,11.76,5.88,0.00,0.00,0.00,0.00,0.00,5.88,0.00,5.88,0.00,0.00
11.76,0.00,5.88,0.00,5.88,11.76,5.88,23.53,11.76,5.88,0.00,0.00,0.00,0.00,0.00,11.76,0.00,5.88,0.00,0.00
5.88,0.00,5.88,0.00,5.88,11.76,5.88,23.53,11.76,5.88,0.00,0.00,0.00,0.00,0.00,11.76,0.00,11.76,0.00,0.00
0.00,0.00,15.38,0.00,15.38,7.69,0.00,7.69,15.38,15.38,0.00,0.00,0.00,0.00,0.00,7.69,0.00,15.38,0.00,0.00
6.25,0.00,6.25,0.00,12.50,18.75,0.00,6.25,12.50,12.50,0.00,0.00,0.00,0.00,0.00,6.25,0.00,18.75,0.00,0.00
6.25,0.00,6.25,0.00,6.25,18.75,0.00,12.50,12.50,12.50,0.00,0.00,0.00,0.00,0.00,6.25,0.00,18.75,0.00,0.00
6.25,0.00,6.25,0.00,6.25,18.75,0.00,6.25,12.50,18.75,0.00,0.00,0.00,0.00,0.00,6.25,0.00,18.75,0.00,0.00
6.25,0.00,6.25,0.00,6.25,18.75,0.00,12.50,12.50,12.50,0.00,0.00,0.00,0.00,0.00,0.00,6.25,18.75,0.00,0.00
6.25,0.00,6.25,0.00,6.25,18.75,0.00,6.25,12.50,18.75,0.00,0.00,0.00,0.00,0.00,0.00,6.25,18.75,0.00,0.00
0.00,0.00,15.38,0.00,15.38,7.69,0.00,0.00,15.38,23.08,0.00,0.00,0.00,0.00,0.00,15.38,0.00,7.69,0.00,0.00
6.25,0.00,6.25,0.00,6.25,18.75,0.00,12.50,12.50,12.50,0.00,0.00,0.00,0.00,0.00,6.25,0.00,18.75,0.00,0.00
23.81,0.00,0.00,4.76,9.52,9.52,9.52,4.76,4.76,9.52,0.00,0.00,4.76,0.00,0.00,0.00,0.00,19.05,0.00,0.00
21.74,0.00,0.00,4.35,8.70,8.70,8.70,4.35,4.35,8.70,0.00,0.00,4.35,4.35,0.00,4.35,0.00,17.39,0.00,0.00
8.33,0.00,0.00,4.17,4.17,12.50,8.33,8.33,8.33,12.50,0.00,0.00,8.33,0.00,0.00,4.17,0.00,20.83,0.00,0.00
8.00,0.00,0.00,4.00,4.00,12.00,8.00,8.00,8.00,16.00,0.00,0.00,8.00,0.00,0.00,4.00,0.00,20.00,0.00,0.00
12.50,0.00,0.00,4.17,4.17,8.33,8.33,4.17,12.50,16.67,0.00,0.00,8.33,0.00,0.00,4.17,0.00,16.67,0.00,0.00
8.33,0.00,0.00,4.17,4.17,8.33,8.33,4.17,12.50,16.67,0.00,0.00,8.33,0.00,0.00,4.17,0.00,20.83,0.00,0.00
12.50,0.00,0.00,4.17,4.17,8.33,8.33,4.17,8.33,12.50,0.00,0.00,8.33,0.00,0.00,4.17,0.00,25.00,0.00,0.00
12.00,0.00,0.00,4.00,4.00,8.00,8.00,4.00,8.00,16.00,0.00,0.00,8.00,0.00,0.00,4.00,0.00,24.00,0.00,0.00
26.09,0.00,0.00,4.35,8.70,8.70,8.70,4.35,4.35,8.70,0.00,8.70,4.35,4.35,0.00,0.00,0.00,8.70,0.00,0.00
22.73,0.00,0.00,4.55,9.09,9.09,9.09,4.55,4.55,9.09,0.00,0.00,4.55,0.00,0.00,0.00,0.00,22.73,0.00,0.00
3.61,7.23,6.02,4.82,1.20,6.02,0.00,13.25,13.25,9.64,2.41,1.20,3.61,6.02,6.02,4.82,4.82,4.82,1.20,0.00
6.25,0.00,6.25,0.00,6.25,18.75,0.00,6.25,12.50,18.75,0.00,0.00,0.00,0.00,0.00,6.25,0.00,18.75,0.00,0.00
4.76,0.00,0.00,0.00,0.00,14.29,9.52,4.76,0.00,28.57,0.00,0.00,4.76,4.76,0.00,9.52,4.76,14.29,0.00,0.00
4.76,0.00,0.00,0.00,4.76,19.05,9.52,4.76,0.00,19.05,0.00,0.00,4.76,0.00,0.00,9.52,0.00,23.81,0.00,0.00
11.11,0.00,0.00,0.00,0.00,16.67,0.00,5.56,11.11,33.33,0.00,5.56,5.56,0.00,0.00,5.56,0.00,5.56,0.00,0.00
3.23,19.35,0.00,3.23,0.00,6.45,0.00,6.45,9.68,9.68,0.00,3.23,6.45,0.00,0.00,9.68,6.45,9.68,0.00,6.45
7.69,0.00,0.00,11.54,0.00,11.54,0.00,11.54,11.54,19.23,0.00,0.00,0.00,7.69,0.00,11.54,3.85,3.85,0.00,0.00
8.00,0.00,0.00,4.00,0.00,8.00,12.00,4.00,4.00,20.00,0.00,0.00,8.00,0.00,0.00,8.00,0.00,24.00,0.00,0.00
8.00,0.00,0.00,4.00,0.00,8.00,8.00,4.00,8.00,20.00,0.00,0.00,8.00,0.00,0.00,8.00,0.00,24.00,0.00,0.00
8.00,0.00,0.00,4.00,0.00,8.00,12.00,4.00,0.00,20.00,0.00,0.00,8.00,4.00,0.00,8.00,0.00,24.00,0.00,0.00
4.00,0.00,0.00,4.00,0.00,8.00,12.00,8.00,4.00,16.00,0.00,0.00,8.00,0.00,0.00,8.00,0.00,28.00,0.00,0.00
10.71,7.14,7.14,0.00,0.00,10.71,0.00,7.14,17.86,10.71,3.57,0.00,0.00,0.00,0.00,3.57,10.71,7.14,3.57,0.00
0.00,20.69,0.00,3.45,0.00,17.24,0.00,3.45,0.00,3.45,0.00,6.90,10.34,0.00,3.45,6.90,13.79,6.90,3.45,0.00
0.00,20.69,3.45,3.45,0.00,10.34,0.00,3.45,3.45,6.90,3.45,3.45,10.34,0.00,0.00,6.90,13.79,3.45,3.45,3.45
3.45,20.69,0.00,3.45,0.00,17.24,0.00,3.45,0.00,3.45,0.00,6.90,10.34,0.00,3.45,6.90,13.79,3.45,3.45,0.00
0.00,20.00,3.33,3.33,3.33,16.67,0.00,0.00,0.00,3.33,0.00,6.67,13.33,0.00,3.33,0.00,16.67,6.67,3.33,0.00
3.45,20.69,0.00,3.45,0.00,17.24,0.00,0.00,0.00,3.45,0.00,6.90,10.34,0.00,3.45,3.45,13.79,10.34,3.45,0.00
0.00,20.69,0.00,3.45,0.00,20.69,0.00,0.00,0.00,3.45,0.00,6.90,10.34,0.00,3.45,3.45,13.79,10.34,3.45,0.00
0.00,20.69,0.00,3.45,0.00,17.24,0.00,0.00,0.00,3.45,0.00,6.90,10.34,0.00,3.45,6.90,13.79,10.34,3.45,0.00
3.85,0.00,0.00,0.00,3.85,30.77,0.00,3.85,7.69,19.23,0.00,0.00,0.00,3.85,0.00,11.54,7.69,7.69,0.00,0.00
21.88,0.00,3.12,3.12,0.00,12.50,0.00,3.12,12.50,9.38,0.00,6.25,3.12,6.25,0.00,6.25,3.12,6.25,3.12,0.00
33.33,0.00,0.00,9.09,0.00,12.12,0.00,3.03,18.18,6.06,0.00,0.00,0.00,0.00,0.00,6.06,0.00,9.09,3.03,0.00
0.00,0.00,0.00,0.00,0.00,16.67,8.33,16.67,8.33,16.67,8.33,0.00,0.00,0.00,8.33,8.33,0.00,0.00,8.33,0.00
11.11,0.00,0.00,0.00,11.11,11.11,0.00,0.00,0.00,11.11,0.00,11.11,22.22,0.00,11.11,0.00,0.00,0.00,0.00,11.11
4.82,6.02,4.82,2.41,1.20,6.02,0.00,3.61,4.82,7.23,2.41,2.41,3.61,7.23,15.66,6.02,9.64,8.43,1.20,2.41
0.00,0.00,0.00,0.00,14.81,7.41,3.70,3.70,25.93,18.52,0.00,0.00,7.41,0.00,11.11,3.70,0.00,3.70,0.00,0.00
7.69,0.00,3.85,0.00,0.00,19.23,3.85,11.54,15.38,11.54,0.00,0.00,0.00,0.00,19.23,0.00,0.00,3.85,3.85,0.00
3.23,19.35,0.00,3.23,3.23,9.68,0.00,16.13,6.45,0.00,0.00,6.45,6.45,0.00,0.00,16.13,0.00,6.45,0.00,3.23
3.23,19.35,0.00,3.23,3.23,9.68,0.00,16.13,6.45,0.00,0.00,3.23,6.45,0.00,0.00,19.35,0.00,6.45,0.00,3.23
3.23,19.35,0.00,3.23,3.23,9.68,0.00,12.90,6.45,0.00,0.00,6.45,6.45,0.00,0.00,16.13,0.00,9.68,0.00,3.23
3.23,19.35,0.00,3.23,3.23,9.68,0.00,12.90,9.68,0.00,0.00,3.23,6.45,0.00,0.00,16.13,0.00,9.68,0.00,3.23
9.09,0.00,9.09,0.00,0.00,27.27,0.00,0.00,0.00,0.00,0.00,0.00,9.09,0.00,9.09,36.36,0.00,0.00,0.00,0.00
3.23,19.35,0.00,3.23,6.45,9.68,0.00,6.45,9.68,3.23,0.00,3.23,6.45,0.00,0.00,12.90,6.45,6.45,0.00,3.23
0.00,0.00,0.00,5.88,0.00,11.76,0.00,5.88,5.88,11.76,23.53,0.00,5.88,0.00,17.65,5.88,5.88,0.00,0.00,0.00
0.00,19.35,3.23,3.23,3.23,9.68,0.00,9.68,6.45,3.23,0.00,3.23,6.45,0.00,3.23,12.90,0.00,12.90,0.00,3.23
3.45,20.69,0.00,3.45,0.00,13.79,0.00,3.45,0.00,3.45,0.00,3.45,6.90,0.00,3.45,6.90,17.24,6.90,3.45,3.45
15.38,0.00,2.56,2.56,0.00,10.26,2.56,10.26,12.82,5.13,0.00,2.56,0.00,10.26,5.13,0.00,10.26,7.69,2.56,0.00
0.00,0.00,0.00,0.00,0.00,38.46,30.77,0.00,0.00,0.00,0.00,0.00,0.00,7.69,0.00,7.69,0.00,15.38,0.00,0.00
0.00,0.00,0.00,0.00,0.00,0.00,12.50,0.00,0.00,25.00,0.00,0.00,12.50,0.00,25.00,0.00,25.00,0.00,0.00,0.00
15.38,0.00,7.69,0.00,0.00,7.69,7.69,7.69,0.00,7.69,0.00,0.00,15.38,0.00,0.00,7.69,7.69,7.69,7.69,0.00
0.00,25.00,0.00,0.00,0.00,12.50,0.00,12.50,0.00,25.00,0.00,0.00,12.50,0.00,12.50,0.00,0.00,0.00,0.00,0.00
14.29,0.00,14.29,0.00,0.00,0.00,0.00,14.29,21.43,21.43,0.00,0.00,0.00,7.14,0.00,0.00,0.00,0.00,7.14,0.00
0.00,0.00,0.00,0.00,14.29,0.00,0.00,14.29,0.00,28.57,0.00,0.00,0.00,14.29,14.29,0.00,0.00,0.00,14.29,0.00
0.00,0.00,4.00,8.00,8.00,4.00,0.00,12.00,12.00,8.00,0.00,4.00,4.00,4.00,16.00,4.00,4.00,8.00,0.00,0.00
0.00,0.00,0.00,0.00,0.00,25.00,0.00,15.00,5.00,25.00,0.00,5.00,5.00,0.00,0.00,5.00,5.00,10.00,0.00,0.00
0.00,0.00,0.00,0.00,0.00,21.43,0.00,21.43,7.14,35.71,0.00,0.00,7.14,0.00,0.00,7.14,0.00,0.00,0.00,0.00
0.00,21.43,3.57,3.57,3.57,10.71,0.00,10.71,7.14,0.00,3.57,0.00,7.14,0.00,0.00,14.29,0.00,7.14,3.57,3.57
7.14,21.43,0.00,3.57,0.00,7.14,0.00,14.29,7.14,0.00,0.00,3.57,7.14,0.00,0.00,7.14,7.14,7.14,3.57,3.57
12.50,0.00,0.00,0.00,12.50,12.50,12.50,0.00,12.50,12.50,0.00,0.00,0.00,12.50,0.00,0.00,0.00,0.00,12.50,0.00
16.67,0.00,0.00,0.00,8.33,8.33,0.00,8.33,16.67,0.00,0.00,8.33,0.00,0.00,8.33,8.33,0.00,0.00,0.00,16.67
0.00,0.00,0.00,10.00,0.00,10.00,0.00,0.00,70.00,0.00,0.00,0.00,0.00,10.00,0.00,0.00,0.00,0.00,0.00,0.00
28.57,0.00,0.00,0.00,0.00,0.00,0.00,0.00,42.86,28.57,0.00,0.00,0.00,0.00,0.00,0.00,0.00,0.00,0.00,0.00
28.57,0.00,0.00,0.00,0.00,0.00,0.00,0.00,42.86,28.57,0.00,0.00,0.00,0.00,0.00,0.00,0.00,0.00,0.00,0.00
0.00,24.00,0.00,4.00,12.00,8.00,0.00,0.00,16.00,4.00,0.00,0.00,8.00,0.00,0.00,8.00,8.00,0.00,0.00,8.00
12.00,8.00,0.00,0.00,4.00,8.00,0.00,0.00,20.00,16.00,0.00,8.00,0.00,8.00,0.00,12.00,0.00,4.00,0.00,0.00
0.00,0.00,0.00,0.00,0.00,0.00,0.00,0.00,47.06,52.94,0.00,0.00,0.00,0.00,0.00,0.00,0.00,0.00,0.00,0.00
6.52,13.04,2.17,2.17,2.17,8.70,0.00,6.52,10.87,2.17,0.00,6.52,4.35,0.00,8.70,13.04,8.70,0.00,0.00,4.35
6.52,13.04,2.17,0.00,0.00,8.70,0.00,6.52,8.70,4.35,0.00,6.52,10.87,0.00,6.52,10.87,10.87,0.00,0.00,4.35
6.52,13.04,2.17,2.17,2.17,8.70,0.00,6.52,8.70,2.17,0.00,6.52,6.52,0.00,8.70,13.04,8.70,0.00,0.00,4.35
4.35,13.04,2.17,2.17,2.17,10.87,0.00,8.70,6.52,0.00,0.00,6.52,6.52,0.00,8.70,13.04,8.70,2.17,0.00,4.35
4.35,13.04,2.17,0.00,2.17,10.87,0.00,6.52,6.52,2.17,0.00,6.52,6.52,2.17,6.52,15.22,8.70,2.17,0.00,4.35
4.35,13.04,2.17,2.17,0.00,10.87,0.00,6.52,6.52,4.35,0.00,6.52,6.52,0.00,8.70,15.22,8.70,0.00,0.00,4.35
4.35,13.04,0.00,2.17,0.00,6.52,0.00,6.52,8.70,4.35,0.00,8.70,6.52,0.00,6.52,15.22,13.04,0.00,0.00,4.35
6.52,13.04,2.17,0.00,0.00,8.70,2.17,6.52,4.35,4.35,0.00,6.52,2.17,0.00,6.52,19.57,10.87,2.17,2.17,2.17
4.26,17.02,4.26,2.13,0.00,4.26,0.00,8.51,10.64,2.13,0.00,6.38,6.38,0.00,8.51,8.51,8.51,2.13,2.13,4.26
11.54,0.00,0.00,0.00,3.85,7.69,0.00,3.85,23.08,7.69,3.85,0.00,0.00,7.69,0.00,11.54,3.85,3.85,7.69,3.85
10.00,15.00,5.00,5.00,10.00,5.00,0.00,0.00,5.00,5.00,0.00,10.00,5.00,0.00,5.00,5.00,15.00,0.00,0.00,0.00
10.00,10.00,10.00,10.00,0.00,0.00,0.00,0.00,10.00,10.00,0.00,10.00,0.00,0.00,0.00,0.00,20.00,0.00,0.00,10.00
0.00,23.53,0.00,0.00,5.88,5.88,0.00,5.88,5.88,0.00,0.00,0.00,0.00,0.00,29.41,0.00,0.00,5.88,5.88,11.76
14.29,0.00,0.00,5.71,2.86,11.43,0.00,14.29,20.00,5.71,0.00,5.71,2.86,0.00,5.71,0.00,0.00,8.57,2.86,0.00
13.51,0.00,2.70,2.70,2.70,10.81,0.00,13.51,18.92,2.70,0.00,2.70,2.70,8.11,2.70,0.00,2.70,10.81,2.70,0.00
6.67,0.00,0.00,0.00,6.67,6.67,0.00,6.67,33.33,20.00,0.00,0.00,0.00,0.00,0.00,0.00,0.00,13.33,6.67,0.00
5.88,0.00,0.00,0.00,17.65,0.00,5.88,5.88,41.18,11.76,0.00,0.00,0.00,0.00,0.00,5.88,0.00,0.00,5.88,0.00
5.56,0.00,0.00,0.00,16.67,0.00,5.56,5.56,38.89,16.67,0.00,0.00,5.56,0.00,0.00,0.00,0.00,0.00,5.56,0.00
14.29,0.00,0.00,5.71,2.86,11.43,0.00,11.43,20.00,5.71,2.86,5.71,2.86,0.00,5.71,0.00,0.00,8.57,2.86,0.00
12.50,12.50,0.00,0.00,0.00,12.50,0.00,0.00,0.00,37.50,12.50,0.00,12.50,0.00,0.00,0.00,0.00,0.00,0.00,0.00
0.00,0.00,0.00,0.00,12.50,25.00,12.50,0.00,0.00,25.00,0.00,0.00,12.50,0.00,0.00,0.00,0.00,0.00,12.50,0.00
7.14,0.00,0.00,0.00,0.00,0.00,0.00,7.14,28.57,21.43,0.00,0.00,0.00,0.00,0.00,14.29,0.00,14.29,7.14,0.00
16.67,0.00,0.00,0.00,0.00,5.56,0.00,16.67,5.56,27.78,5.56,0.00,5.56,0.00,0.00,16.67,0.00,0.00,0.00,0.00
5.56,0.00,5.56,5.56,0.00,0.00,0.00,5.56,33.33,16.67,16.67,5.56,0.00,0.00,5.56,0.00,0.00,0.00,0.00,0.00
33.33,0.00,0.00,8.33,0.00,0.00,8.33,0.00,0.00,8.33,0.00,0.00,0.00,8.33,0.00,8.33,16.67,0.00,0.00,8.33
8.33,0.00,0.00,8.33,8.33,0.00,8.33,0.00,0.00,16.67,0.00,0.00,0.00,8.33,0.00,8.33,16.67,0.00,8.33,8.33
0.00,25.00,0.00,0.00,0.00,12.50,0.00,0.00,0.00,25.00,0.00,0.00,25.00,0.00,0.00,0.00,0.00,12.50,0.00,0.00
0.00,11.11,0.00,0.00,5.56,5.56,0.00,0.00,11.11,5.56,0.00,0.00,16.67,0.00,11.11,5.56,5.56,11.11,5.56,5.56
13.16,0.00,0.00,5.26,2.63,13.16,0.00,10.53,18.42,5.26,2.63,5.26,5.26,0.00,5.26,0.00,0.00,10.53,2.63,0.00
13.16,0.00,5.26,0.00,2.63,13.16,0.00,10.53,5.26,7.89,2.63,0.00,5.26,5.26,18.42,0.00,0.00,7.89,2.63,0.00
7.41,0.00,7.41,3.70,3.70,3.70,3.70,0.00,11.11,11.11,3.70,7.41,3.70,3.70,14.81,7.41,0.00,3.70,0.00,3.70
0.00,0.00,0.00,0.00,16.67,33.33,0.00,0.00,0.00,16.67,0.00,0.00,16.67,0.00,0.00,0.00,0.00,0.00,0.00,16.67
0.00,0.00,0.00,0.00,0.00,22.22,0.00,11.11,0.00,11.11,22.22,0.00,22.22,0.00,0.00,0.00,0.00,0.00,0.00,11.11
7.69,0.00,0.00,7.69,0.00,0.00,15.38,0.00,0.00,23.08,0.00,15.38,7.69,0.00,15.38,0.00,0.00,7.69,0.00,0.00
0.00,0.00,0.00,0.00,0.00,0.00,0.00,0.00,20.00,0.00,0.00,0.00,40.00,20.00,0.00,20.00,0.00,0.00,0.00,0.00
8.33,0.00,0.00,16.67,0.00,0.00,0.00,0.00,0.00,16.67,8.33,0.00,8.33,0.00,16.67,0.00,0.00,0.00,16.67,8.33
8.33,0.00,0.00,16.67,8.33,0.00,0.00,0.00,0.00,16.67,8.33,0.00,8.33,0.00,16.67,0.00,0.00,0.00,16.67,0.00
8.33,0.00,0.00,16.67,8.33,0.00,0.00,0.00,0.00,16.67,8.33,0.00,8.33,0.00,16.67,0.00,0.00,0.00,8.33,8.33
8.33,0.00,0.00,16.67,8.33,0.00,0.00,0.00,0.00,16.67,8.33,0.00,8.33,0.00,8.33,0.00,0.00,0.00,16.67,8.33
8.33,0.00,0.00,16.67,8.33,0.00,0.00,0.00,0.00,8.33,8.33,0.00,8.33,0.00,16.67,0.00,0.00,0.00,16.67,8.33
8.33,0.00,0.00,16.67,8.33,0.00,0.00,0.00,0.00,16.67,0.00,0.00,8.33,0.00,16.67,0.00,0.00,0.00,16.67,8.33
0.00,0.00,0.00,16.67,8.33,0.00,0.00,0.00,0.00,16.67,8.33,0.00,8.33,0.00,16.67,0.00,0.00,0.00,16.67,8.33
0.00,0.00,8.33,8.33,8.33,0.00,0.00,0.00,8.33,25.00,0.00,0.00,8.33,8.33,0.00,8.33,8.33,0.00,8.33,0.00
0.00,30.00,0.00,0.00,0.00,5.00,5.00,0.00,5.00,10.00,0.00,10.00,0.00,5.00,10.00,15.00,0.00,0.00,5.00,0.00
12.50,0.00,0.00,0.00,0.00,12.50,12.50,0.00,0.00,25.00,0.00,0.00,0.00,12.50,12.50,0.00,0.00,0.00,12.50,0.00
0.00,0.00,0.00,0.00,19.23,0.00,3.85,7.69,0.00,7.69,0.00,0.00,30.77,0.00,26.92,0.00,0.00,0.00,0.00,3.85
0.00,0.00,7.69,0.00,15.38,0.00,0.00,15.38,15.38,7.69,0.00,0.00,0.00,7.69,23.08,0.00,0.00,7.69,0.00,0.00
0.00,0.00,0.00,0.00,6.25,0.00,0.00,12.50,25.00,0.00,6.25,6.25,0.00,12.50,18.75,0.00,0.00,0.00,12.50,0.00
0.00,0.00,0.00,0.00,12.82,2.56,0.00,2.56,0.00,5.13,0.00,0.00,48.72,0.00,25.64,0.00,0.00,0.00,0.00,2.56
16.00,0.00,0.00,0.00,4.00,12.00,8.00,0.00,20.00,8.00,0.00,0.00,0.00,0.00,4.00,0.00,8.00,8.00,8.00,4.00
11.11,0.00,0.00,0.00,11.11,11.11,0.00,0.00,0.00,22.22,0.00,0.00,22.22,0.00,11.11,0.00,0.00,0.00,0.00,11.11
11.11,0.00,0.00,3.70,7.41,14.81,0.00,7.41,14.81,14.81,0.00,0.00,0.00,3.70,0.00,7.41,7.41,3.70,0.00,3.70
7.69,0.00,0.00,0.00,7.69,23.08,0.00,0.00,0.00,7.69,0.00,7.69,7.69,0.00,7.69,15.38,0.00,7.69,0.00,7.69
0.00,0.00,0.00,0.00,0.00,0.00,0.00,0.00,0.00,0.00,0.00,0.00,37.50,0.00,12.50,12.50,12.50,0.00,12.50,12.50
0.00,0.00,6.67,13.33,6.67,0.00,0.00,0.00,6.67,20.00,0.00,6.67,6.67,6.67,0.00,13.33,6.67,0.00,6.67,0.00
9.52,0.00,3.57,11.90,5.95,15.48,7.14,4.76,9.52,8.33,0.00,3.57,0.00,10.71,4.76,3.57,0.00,0.00,0.00,1.19
25.00,20.00,0.00,0.00,0.00,40.00,0.00,0.00,0.00,0.00,0.00,0.00,0.00,0.00,0.00,0.00,15.00,0.00,0.00,0.00
0.00,0.00,0.00,0.00,0.00,9.38,3.12,0.00,25.00,28.12,3.12,0.00,12.50,0.00,3.12,3.12,3.12,3.12,6.25,0.00
16.67,0.00,8.33,8.33,0.00,0.00,0.00,25.00,8.33,8.33,0.00,16.67,0.00,0.00,0.00,0.00,8.33,0.00,0.00,0.00
8.33,0.00,8.33,8.33,0.00,0.00,0.00,25.00,8.33,16.67,0.00,16.67,0.00,0.00,0.00,0.00,8.33,0.00,0.00,0.00
4.76,0.00,0.00,0.00,4.76,9.52,4.76,0.00,4.76,14.29,0.00,0.00,4.76,4.76,23.81,9.52,4.76,9.52,0.00,0.00
16.67,22.22,0.00,0.00,0.00,27.78,0.00,0.00,0.00,0.00,0.00,0.00,0.00,0.00,0.00,0.00,33.33,0.00,0.00,0.00
0.00,18.18,0.00,3.03,6.06,9.09,0.00,3.03,0.00,9.09,0.00,3.03,0.00,0.00,15.15,6.06,9.09,15.15,0.00,3.03
6.67,0.00,0.00,0.00,0.00,6.67,0.00,20.00,33.33,6.67,0.00,6.67,0.00,0.00,0.00,0.00,0.00,13.33,6.67,0.00
0.00,0.00,0.00,0.00,0.00,6.67,0.00,20.00,33.33,6.67,0.00,6.67,0.00,0.00,0.00,0.00,0.00,20.00,6.67,0.00
6.67,0.00,0.00,0.00,0.00,6.67,0.00,13.33,33.33,6.67,0.00,6.67,0.00,0.00,0.00,0.00,0.00,20.00,6.67,0.00
10.00,10.00,0.00,5.00,0.00,5.00,0.00,5.00,5.00,5.00,5.00,5.00,10.00,0.00,0.00,0.00,10.00,10.00,0.00,15.00
20.00,0.00,6.67,6.67,0.00,0.00,0.00,26.67,6.67,6.67,0.00,13.33,0.00,0.00,0.00,0.00,6.67,0.00,0.00,6.67
12.50,0.00,12.50,6.25,0.00,0.00,0.00,25.00,6.25,12.50,0.00,12.50,0.00,0.00,0.00,0.00,6.25,0.00,0.00,6.25
7.69,7.69,0.00,0.00,7.69,0.00,7.69,0.00,7.69,0.00,0.00,0.00,7.69,0.00,7.69,7.69,15.38,0.00,0.00,23.08
0.00,14.29,4.76,2.38,4.76,11.90,4.76,2.38,21.43,2.38,2.38,0.00,7.14,2.38,4.76,7.14,0.00,0.00,4.76,2.38
